
arrX:
.word 39, 41, 17, -10, 41, 58, 50, 35, 60, -20, -27, 39, 54, 46, 51, 9, 38, 13, -49, 35, 37, 5, 24, -30, 43, 13, -27, 20, 14, 52, 33, 28,
.word 48, 62, 1, 60, 62, 62, -42, 43, -15, 28, -44, 59, 50, -60, -44, -27, 2, 62, 59, 42, 59, 17, -5, -60, -53, 62, 9, 28, 40, 15, 49, 49
.word 5, -55, 41, 58, 10, -11, 8, 36, 31, -30, 28, 36, 20, 26, 30, 57, -59, -36, 17, -9, -42, 44, -27, 47, 51, -35, 8, -21, 59, 34, 58, 61,
.word 11, -26, 63, 56, -56, 27, 53, -14, 24, -56, 57, -61, 60, 14, 58, 44, 44, 33, 42, 21, -62, 53, -59, 28, -54, 51, -34, 36, 15, 21, 61, 14
.word -8, 20, 10, -20, 26, 60, -14, -40, 44, 51, 12, 45, 9, 37, 4, 47, -35, 63, -45, 54, 30, -28, -10, 48, 32, -5, 59, -7, -52, 11, 32, 6,
.word 62, -49, 25, 51, -25, 35, 20, -25, 55, 32, -16, 54, 20, -62, -60, 56, 9, 38, 16, 26, 42, 12, 17, -51, 4, -58, 59, -25, 50, 4, -27, 41
.word 37, 8, 41, 30, 32, 18, 16, -58, 24, -40, 38, -36, -25, 7, -37, 26, 63, 0, 4, 60, 9, 23, 19, -45, 6, 0, -23, 5, -12, 38, -60, 60,
.word -34, 36, 26, 11, 47, 60, 52, 47, 63, 39, -19, 7, 56, -17, 45, 47, -9, 54, 53, -7, 36, -39, 45, -18, 5, -2, 37, 56, 55, 17, 22, 52
.word 21, 2, 44, -46, 13, 40, 44, 38, -52, 10, 50, 55, -11, 15, 9, 0, 46, 40, 12, 42, 45, 19, 12, -11, 34, -26, 24, -62, 25, 5, 17, 1,
.word 9, 25, 1, 47, 21, 7, 60, 34, -41, 50, 13, 37, 62, 9, 49, 14, 53, 15, 42, 36, 1, 33, 62, 27, 63, -41, 62, 50, -57, 12, 7, -36
.word -2, 50, 50, 44, 1, -48, 16, 39, -25, 27, 31, -20, 10, 3, 60, 13, 27, 43, -21, 1, 37, 22, 61, 5, 14, 46, 47, 6, 35, 10, 48, -30,
.word 22, 26, 33, 1, -13, 61, 22, -33, 35, 18, -18, 11, 33, 21, 44, 29, 60, 45, 19, -37, 7, 43, 36, -1, 28, 26, 43, -36, 59, -30, 44, -42
.word -51, 6, 7, 38, 13, 43, -31, 58, 0, 42, 58, 56, 7, 30, -17, -27, 32, 10, 13, 53, -3, 13, 13, 29, 27, 56, -21, -12, 6, -15, 50, 28,
.word 13, 58, -24, 53, 16, 61, 9, 42, 34, 59, 19, 20, 49, 50, 14, 54, 53, 54, 33, 40, 46, 15, 0, 28, 28, -25, 30, 10, -17, 51, 10, -59
.word 26, 13, 28, 45, -27, 2, 53, 61, 54, -2, -4, 36, 8, 53, 0, 18, -33, 22, 22, 8, 63, 13, 40, 7, 33, 51, 21, 59, -46, 47, 32, 9,
.word -34, -63, 35, 41, 17, 24, 1, 24, 40, 8, -34, -26, 52, 62, -11, 22, 40, 37, 28, 46, 5, 39, 37, 41, 10, -10, -53, 60, 46, 63, 2, 39
.word -43, 54, -27, 53, -43, -39, -27, 30, -2, 17, 13, 33, -7, 52, 54, 52, 40, 40, 15, 36, -57, -10, -28, 57, 17, 22, 23, 25, 24, 41, 41, 47,
.word 8, 20, 53, 17, 5, 3, -4, 0, 7, 51, -13, 61, 25, 51, 4, -19, -58, 35, -33, 29, -15, 7, 29, -40, 29, 2, -39, 16, -38, 3, 38, -54
.word 63, -15, 13, 6, 13, 48, 21, 14, 52, -29, 17, 29, -50, -34, -55, 57, -50, 22, -53, 28, 42, 45, -38, 49, 13, 54, 61, 21, 52, 7, -16, 34,
.word -9, 1, 21, 1, 43, 62, 43, -43, 62, 22, 53, 42, 35, 21, 50, 53, 47, -58, 20, 3, 42, 16, -49, 13, 30, 43, 15, 61, 7, 37, 9, -53
.word 16, 61, -43, 36, 2, 43, -49, 34, 28, 34, 35, 29, 49, 36, 28, -51, -9, -17, 48, 10, 43, -37, -45, 43, 21, -52, 45, 35, 19, 25, -33, 28,
.word 60, -31, 35, 31, -30, -42, 12, 21, 35, -26, 27, 46, 5, 30, 19, 17, 40, 60, 26, 26, -31, -5, 26, 14, -36, -13, 38, 47, 3, 17, 8, -38
.word 20, 59, 61, -39, -26, -8, 7, 49, 63, 43, 57, -16, 40, -19, 4, -32, 27, -7, 49, 52, 27, 63, -19, 13, 46, 55, 19, 36, 41, 43, 48, 6,
.word 39, -35, 59, 35, 20, -56, 18, -58, 63, 39, 57, 14, 2, 16, 5, -61, -35, 4, 56, -53, 9, 52, 51, 27, 33, 5, 14, -61, 12, 3, -35, 61
.word 33, 36, 40, 37, 7, 12, 9, 45, 42, -4, 5, 8, 14, 35, -12, 55, -34, 6, 53, -60, -5, 55, -48, 56, 22, 18, 62, 44, 38, 62, 48, 31,
.word 18, 28, -16, 4, 33, 36, 31, 43, 26, -16, -23, 37, -12, -47, 26, -14, 51, -51, 3, -26, 50, 53, -27, 6, 29, -14, 19, 50, 23, 27, 48, 29
.word 19, 39, 8, 58, 0, 12, 15, -17, 41, -33, 18, 27, 52, -27, 31, 8, 10, 9, -49, 13, 51, 12, 45, 47, -60, 19, 35, -57, -37, -60, -13, 55,
.word 52, 42, 5, -22, 17, 59, 0, -21, -59, 11, -22, 55, 25, 0, 56, -62, -56, 17, 31, 54, 9, 47, -28, -6, 44, 55, 22, 62, 33, 21, 54, 5
.word 59, 44, 61, 12, 19, -16, 0, -8, 40, 47, 45, 45, 44, 40, 22, 17, 4, 44, -31, 8, 52, -34, 47, 32, -41, 21, 62, 37, 5, 13, 58, 44,
.word 27, 0, -17, 44, 33, 57, 57, 40, 42, -57, 0, 18, 43, 32, 61, -36, -38, 18, 45, 61, 14, 31, -16, 42, -6, 34, 2, 12, -20, 20, -57, 42
.word 29, 23, -60, 24, -10, 17, 0, 21, -32, 12, -45, 16, -5, 19, 29, 30, 59, 4, -9, 1, 20, -46, -14, 26, 60, 17, 63, -42, 6, 3, 60, 29,
.word 22, 46, 61, 50, 1, -38, 37, 62, 40, 10, -49, 44, 50, 26, 16, 37, 24, 5, 2, -39, 24, 20, 15, 30, -34, 30, 29, 10, -57, 62, 27, 47
.word -55, 8, -44, -61, 62, 2, -36, 4, 9, 25, 45, 53, 7, 48, 23, 21, 20, -7, 13, 4, 22, 24, -39, 0, 63, -22, 60, 18, 63, 37, 34, 36,
.word 24, 54, 48, 49, 1, -1, 38, 24, 27, -17, 57, -27, 38, -14, 59, 62, -30, 57, 46, 21, 51, 23, 25, -62, 29, 12, -51, 15, 41, -33, 16, 56
.word 19, 61, 27, 49, -41, 40, 56, 55, 54, 44, -43, -2, 26, 57, 2, 25, 34, 22, 40, 11, 16, -20, 26, -29, 15, 57, 6, -15, -30, -10, 57, 53,
.word 57, 24, 19, 52, -23, 43, -20, 1, 18, -29, -53, 56, 52, 51, -38, -8, -51, 2, 4, 41, -62, 12, 29, 53, 7, -8, -63, -15, 3, 33, 42, 10
.word -10, 36, 2, -41, 34, 19, -2, 46, 27, 5, -55, 15, -22, -36, 26, 30, 58, -51, 15, 61, -18, 48, 24, -30, -21, -15, 56, 7, 14, 15, 26, -14,
.word 47, 17, 30, 48, 30, 6, 0, 42, 8, 34, 23, 16, 20, 15, 13, -3, -30, 59, -34, -46, -13, 54, 24, 34, -26, 34, 45, 24, 17, 48, 4, 27
.word 7, 31, 2, 41, -1, 28, 1, 59, 3, 13, 15, -51, 12, -63, 23, 51, 48, 8, 32, 2, 17, 59, 30, 46, 19, 18, 33, 3, 41, -62, 28, -30,
.word 3, 63, 24, 5, -33, 60, 55, 32, 37, 45, -56, 52, 50, 33, -35, 26, 38, 10, 28, 40, -15, 60, -14, 17, 15, -58, 46, -41, 32, 46, -11, 41
.word 34, 48, -2, 59, 60, 24, 20, 61, 39, 43, 37, 53, 32, 8, 44, 28, -37, -13, -36, -58, 0, -42, -60, 55, 31, 57, 56, -10, 18, 3, 5, 12,
.word 44, -18, -34, 49, 31, 54, 3, 62, 16, -40, 38, -32, 5, 54, 3, 53, 28, 63, -20, 32, 12, 14, -3, -50, 4, 28, 13, 34, -32, 29, 26, 18
.word 25, 52, -2, 32, 42, 30, -59, 2, 43, -41, 27, -10, 35, 31, 57, 52, -4, 0, 61, 21, 15, 21, 3, 9, 54, 38, 61, -13, 24, 30, 31, 37,
.word 58, 41, 6, 31, -49, 32, 12, 35, 28, 19, 59, 58, -14, 37, 42, 16, 48, 28, 56, 12, 48, -30, 23, 62, 12, 13, -50, -26, -32, 45, 10, 48
.word -55, 49, 8, -24, 42, 52, 57, 53, 3, 12, 10, 54, -38, 54, 33, -43, -50, 7, -26, -50, 23, -6, 24, -21, 61, -18, -7, 51, 44, 31, 15, 38,
.word 39, 60, 14, 5, 21, 53, 6, -9, 43, 12, 36, -32, 40, 30, 10, 56, -51, 50, 35, -38, 3, 37, 37, -13, 10, 2, 24, -63, 34, -55, -34, 29
.word 36, 22, -7, 63, 23, -19, 20, 12, 58, 13, -50, -19, 41, -1, 59, 33, -46, 39, 52, -63, 11, 8, 51, 62, 36, 1, -23, -42, 31, 12, 10, -58,
.word 38, 45, -7, 38, 62, 50, -4, -32, 59, 62, -53, 19, 20, 47, 13, 22, 10, 14, -47, 37, 35, 31, 8, 15, 32, 22, 54, 43, 8, 40, 4, 9
.word 1, -32, 12, 29, 29, 23, 60, 40, 52, 51, 39, -52, -56, -6, 26, 11, 39, 11, -49, 34, 37, 51, 32, -63, 26, 62, 16, -49, 14, -5, -7, 3,
.word 59, -33, 54, -58, 61, 62, 9, 49, 47, 36, 33, 7, -13, -23, 28, -2, 40, 4, 39, -58, -44, 1, 53, -24, 33, 35, 19, -49, -55, -53, 34, 44
.word -27, 40, 47, -38, 27, 17, 25, 53, 39, 60, 4, 26, 53, 15, 7, 33, 44, 36, 44, -55, 49, 25, 51, 4, -39, 20, 45, 39, 62, 57, 50, 39,
.word 35, -57, 21, 24, 58, 16, -63, 7, 20, 18, 9, 35, -48, 12, 54, 0, 62, 41, 42, -25, 50, 17, -61, 25, 51, 18, 37, 4, 17, 55, 4, 33
.word 48, 22, -12, 63, 25, 48, 41, 40, 53, 26, 48, 47, 47, -9, 29, 55, 53, 40, -61, 63, -57, 46, 57, 63, 17, 8, 56, 4, 29, 27, 56, 8,
.word -32, 46, 24, 52, 29, 52, 57, 5, 13, 12, -5, 44, -30, 29, 26, 3, 22, 24, -30, 0, -47, -19, -39, -50, 38, -57, 15, 15, -46, -3, 18, -3
.word 55, 22, 39, 18, 10, 62, 61, -38, -48, 16, 6, -45, -11, 60, 55, 5, -26, 4, 50, 24, 59, 47, 8, -29, 53, 55, -12, 47, -21, -53, 43, 58,
.word 22, 8, -21, 6, 55, 10, 10, -55, 20, -59, 19, -55, -23, 52, 39, 8, -46, 6, -49, -20, 1, -40, 5, 12, 14, 57, 50, 10, 29, -12, -46, -2
.word -37, 31, -21, 62, 18, -34, 6, -49, 54, -54, 28, 50, 0, 62, -18, 10, 8, 13, -29, -52, 50, -8, 5, 13, 36, -35, 4, -58, -19, 50, -56, -29,
.word 38, 30, 55, 51, 40, 34, 53, 40, -50, 26, -33, 59, 12, -27, -42, -4, 35, 20, 52, 4, 3, -10, 21, 17, 63, -62, 63, 21, -40, 15, -41, -35
.word 54, 39, 62, 8, 17, 57, 5, -45, -54, 37, 38, 1, 43, -32, 37, 32, 58, 6, 50, 58, -33, 41, 63, 43, -3, 43, 10, 55, 62, 9, 27, 62,
.word 49, -14, 19, -39, 61, -27, 40, 49, 22, -20, 10, -22, 34, 43, 9, 19, 46, 31, 42, 54, 23, 35, 23, 42, 50, -14, -9, -4, 3, 41, -24, 8
.word 30, -9, 45, 48, 17, -4, 40, 22, -45, 22, 8, 35, -9, 24, -9, 41, 7, 47, 49, 58, 51, 43, 45, 54, -37, 18, 39, -56, 1, 18, 49, 49,
.word 45, 46, 0, 33, -38, -15, 13, 47, 17, -31, -54, 41, 41, 2, 55, -19, 20, 3, 41, -8, 49, 36, 28, 49, 20, 38, 41, 1, 11, 44, -55, 38
.word 1, 32, 15, -59, 0, 63, 50, 11, 2, 16, 1, -61, 21, -14, -41, 23, -30, 22, 33, 46, 48, 62, 30, -40, -59, -11, -9, 8, 50, 42, 10, 6,
.word -58, 22, -45, 60, 50, -63, 4, 49, -31, 59, 5, 7, 25, -18, 52, 13, 53, 9, 40, 0, 0, 42, 39, 4, -24, 48, 3, 20, 41, 1, 63, 11
.word -49, 24, -26, 51, 24, -31, -57, 7, 36, 46, 46, -4, 41, -53, 19, 29, 21, 30, 14, 10, 48, 38, 13, 59, 36, 25, 44, 43, -35, 61, 33, 59,
.word 16, 38, -44, -5, 26, 5, -25, 25, 42, 16, 15, 43, -28, 41, -3, -52, 62, 50, 11, 6, -35, -13, 12, 57, 24, 12, 5, 26, 32, 31, 39, 55
.word 46, 16, 33, -31, -35, 0, 18, 38, 4, 18, -42, 43, 47, 45, 29, -60, 15, -6, 36, 53, 18, -54, -47, 15, 15, 61, -13, -3, -50, 18, 21, -27,
.word 28, -21, 7, 7, 63, 61, -26, 34, 45, 34, 7, 54, 21, 9, -24, -15, -6, 52, 46, 38, 56, 29, 48, 59, 31, 24, 2, -32, 23, 3, 13, 35
.word 55, 32, 18, 19, -42, 29, 48, 55, 54, 53, 30, 17, -62, -37, -38, 31, -32, 3, 6, -61, 7, 10, 52, 6, 17, 35, -17, 37, 8, 27, 18, 12,
.word 59, 37, 38, 50, -61, 36, 62, -28, 37, 63, -52, -6, 46, 43, -28, 51, -7, 25, 59, -26, 7, 42, 40, 22, 5, 4, 58, -54, 44, -41, 25, 32
.word 53, -14, 4, 41, 39, -17, 25, 30, 61, 24, 45, 31, 47, 33, 38, 42, -58, 12, 33, 10, 8, 25, 3, -63, 25, 55, 37, 31, 31, 30, -2, 33,
.word 0, 59, 34, 43, -33, -11, 59, -36, 34, 27, 49, 28, 59, 22, 2, 59, 36, 37, -60, 48, 20, 1, 6, -35, 0, 47, -57, -2, 6, 50, 16, 12
.word 36, -59, -1, 61, 39, 36, 35, 21, 6, 20, 17, 51, 48, -32, -19, 53, 29, 23, -29, -51, 18, 50, 31, 24, 12, 36, 4, -53, 61, 52, 2, 8,
.word -27, -62, 52, 60, 9, -60, 54, 13, 2, 32, 8, 58, 42, -23, 24, 12, 63, -43, -59, -59, 22, -44, 12, 15, 42, 20, 4, 57, -61, 27, 47, 9
.word -49, -35, 28, 49, 21, 63, 23, 48, 61, 52, 19, -48, 61, 38, 50, 28, 35, -15, -29, 51, 30, 20, 1, 54, 10, 0, -24, 46, -59, 3, 3, 16,
.word 30, 38, 32, 45, 12, 51, 7, 11, 20, 46, -59, 3, 48, 35, 37, 26, -19, 62, 26, 49, -45, -51, 13, 5, -10, 15, 16, 60, 24, 52, 19, 0
.word 15, 25, 41, 15, 46, 11, 0, 29, -5, 16, -62, 22, 43, 19, 25, -36, 17, 17, -7, 18, 34, 49, 46, 45, 59, 9, 9, 16, 42, -51, -55, -44,
.word 21, 3, 30, 18, 51, 36, 18, 21, 15, -6, 61, -13, 58, 44, -25, 57, 22, 11, 18, 54, 33, 39, -43, 0, 26, 19, -29, 63, 33, 8, 4, 41
.word -63, 15, 18, -23, 31, 39, -58, -5, -47, -43, 57, 36, -22, 21, 46, 53, -50, 63, 10, 57, -20, 52, 8, 34, 18, 4, -56, 38, 20, 41, 57, 48,
.word 35, 48, 5, 22, 10, 39, 5, 10, 23, 35, 54, 30, -4, 13, 38, 40, 45, 54, 2, -12, -24, 31, 61, -52, 55, 36, 32, -55, 10, 33, 3, -58
.word 35, 35, -62, 50, 36, 51, 58, 54, 63, 30, 28, 4, 26, 24, 47, 14, 3, 56, 33, 23, 59, 39, 50, 38, -55, 16, -25, -58, 58, 17, 37, -60,
.word -17, 42, 30, 56, 12, 14, -60, 47, 56, 6, 20, 5, 19, -55, 54, 33, 39, 58, 12, -30, -17, 22, 32, 0, 5, 42, 7, 39, 6, 19, -18, 4
.word 63, -63, 48, 36, 10, 14, 0, 3, 21, -30, 28, 55, 36, 32, -63, 47, 35, 11, 12, 21, 42, 0, 50, 48, 48, 35, 20, -48, -38, 46, 52, 36,
.word 12, -43, -31, 46, 35, 52, 50, 28, -52, -48, -27, 1, 48, -38, 13, 60, 58, 50, 39, 35, 16, 32, -60, -37, 60, 57, 53, 24, 41, 10, 10, -17
.word 45, -30, 36, -30, 24, 55, -59, 5, 50, 15, 56, 13, 38, -25, 29, 53, 45, 30, -20, -6, 59, 1, 26, -45, -5, 51, -36, 32, 23, -59, -35, -62,
.word -3, 34, 25, -3, 38, -10, 12, 12, -52, -15, 0, -34, 40, 12, 13, -28, 39, -39, 39, 20, 48, -14, 22, 13, 27, 34, -12, 51, -34, 0, -11, 0
.word 27, 51, 18, 16, 38, -62, -58, 6, -41, 48, -44, 42, 36, 62, 7, 33, -37, -37, 28, 58, 20, 62, -5, 35, -44, -35, 56, -39, 57, -11, -35, -35,
.word -1, 0, 61, 31, 52, 32, -33, 39, 24, -37, -24, 44, 49, -18, 35, -29, 61, 1, -24, -12, 61, 5, -49, 43, 55, 25, 29, 33, 60, 35, -40, 4
.word 30, 31, -38, 3, -25, 2, 53, -19, -62, -59, -49, 43, 15, 12, -15, 28, -22, -35, 40, 31, 47, -11, 15, 16, 10, 41, -40, 40, -35, 47, 5, 31,
.word 7, 23, 41, -48, 24, 60, -25, 52, 23, 30, 50, 55, 59, -7, 49, 27, 41, 40, 40, -42, 20, 39, -50, 17, -58, -9, -54, 2, 38, 49, -48, 16
.word 62, 43, 18, 39, 59, 20, 43, 54, 22, -17, 63, 62, 29, 61, 60, 38, 6, -33, 38, 63, 24, 14, -57, 40, 4, 28, 13, 41, 9, 55, 51, 0,
.word 46, -18, 42, 53, 37, 5, 7, 46, 39, -15, -36, 30, 30, 51, 50, -11, 20, 52, 47, -1, 44, 51, 52, 63, 43, 15, 6, -60, 2, -53, 34, 20
.word -31, 54, 49, 35, 62, 17, -55, 14, 30, -49, 11, 8, 29, 2, 62, 54, -31, 44, 36, 46, 37, -21, -15, 62, 2, 17, 28, 27, 23, 57, 53, -51,
.word 28, -37, -46, 34, -19, 47, 28, 16, 28, -43, 59, 50, 37, 40, 26, 46, -58, -54, 40, 59, 17, 30, 23, 11, 17, -43, 61, 31, 8, 60, 34, -25
.word -63, 4, 41, 34, 41, -39, 48, 51, 40, 13, -60, -8, 51, 39, 48, 49, 17, 22, -52, 52, 57, 29, -13, 42, -47, 27, -36, -47, 41, 45, 24, 8,
.word 20, 35, 22, -38, -50, 57, -20, 52, -28, -46, 52, 24, 53, 54, 37, 54, 28, 2, 48, 2, -45, 33, 32, -5, 37, 60, 17, 54, -27, -19, 42, 57
.word -34, 57, 37, 52, 55, 19, -43, -19, -12, 42, -37, -36, 13, 0, 1, 62, 53, 54, 50, 44, 0, 1, 24, -59, 37, 2, 6, 10, 29, 10, -3, 2,
.word -63, 19, -34, 28, 0, -13, 50, 61, 46, -33, 37, 7, 53, 33, 26, 50, 27, 12, -5, 32, 5, -30, 54, 15, 26, 25, 28, 1, 51, 11, 5, -39
.word 2, -30, 27, 13, 43, 25, -6, -7, -25, 31, 1, -8, 3, 2, 16, 41, 29, -26, -5, 25, 19, 19, 27, -58, 58, -42, 59, 48, 5, 7, 28, 40,
.word 56, 49, 42, 47, 61, -24, 28, 13, 44, 18, 42, 38, 53, 5, 30, 10, -47, 21, -7, -24, -6, 29, 2, 56, 33, 22, -14, 59, -42, -21, 45, -31
.word -27, 54, 56, 39, -62, 32, 46, 48, 36, 27, 3, 53, 22, 53, 42, 31, 9, 40, 36, 0, 19, 36, -58, 16, 26, 16, 1, 10, -16, 26, 21, 63,
.word 16, -32, 54, 23, 2, -10, 15, 26, 6, -7, 47, 31, 18, 57, 52, -5, 32, 56, -7, 32, 11, 5, 6, -5, -9, -20, -30, -56, 46, 23, 42, 38
.word 3, 34, 46, 19, -45, 21, 55, 0, -38, 56, -8, 53, 34, -24, 42, 23, 29, 55, 60, 5, 34, 29, 52, 25, 49, 32, 2, -48, 34, -48, -7, -57,
.word -1, 48, 58, -39, -16, -53, 33, 31, 32, 12, 21, 6, 6, 4, 62, -50, 46, -61, -23, 5, 40, 44, 9, 28, -11, -11, 37, 23, 7, 57, 25, 6
.word 13, -47, -40, -12, -47, -26, 3, 33, -30, -46, 61, -47, -33, 10, -19, -1, 20, -5, 37, -12, 9, -12, 28, 27, 25, 63, 15, 27, 23, 43, 54, 11,
.word -30, 6, 33, 24, -57, 54, 18, 16, 27, 2, 62, 27, 2, -63, 52, 2, -26, 21, 27, -37, -18, -41, 45, -15, 9, 51, 46, 28, -21, 41, -38, 27
.word 52, 60, 30, -35, 62, 20, -7, -52, 53, -24, -53, 21, 16, 20, -42, 56, -33, 46, 22, -48, -31, 0, -40, 54, 27, -2, 3, 27, -21, -10, 32, 31,
.word 55, 0, -31, 34, 53, 36, 22, 59, 41, -1, 20, 0, 13, 42, 13, -46, 22, 17, 31, -52, 21, 49, 52, 28, 42, 10, 59, -41, 20, 53, 28, 37
.word 17, -40, 42, -4, 54, 43, -35, 7, 38, 12, 27, -41, 8, -17, 1, 23, 46, -3, 28, 24, -61, -60, -12, 46, 21, 19, -48, -33, 26, 29, -41, 45,
.word -51, -48, -56, 34, 12, -22, -35, -10, 62, 41, 25, 39, -61, 14, -56, 62, 44, -59, 54, 26, -61, -27, 52, 24, 3, 33, -12, 16, 12, -48, 27, 47
.word 28, 44, 9, 21, 54, 38, 23, 28, 0, 55, -5, 22, 39, 21, 52, -9, 48, 35, -59, 63, 41, -27, -35, -27, 53, 49, 26, 12, 14, 3, 39, 19,
.word 2, 16, 46, -47, 52, 24, 3, -59, -6, -51, -52, 34, 34, 4, 50, 32, -13, -51, 63, 20, -45, -10, 32, 41, -50, 6, -28, 40, 14, -7, 4, 53
.word -23, 14, 11, -9, -14, 41, 26, -20, 46, 51, 3, 9, 8, 18, 56, -31, 48, 38, -15, 51, -4, 12, -46, 42, 59, 40, 57, 16, 2, 14, 42, 11,
.word 26, 21, -33, 7, 37, 3, 51, 48, -11, -46, 10, -6, -33, 7, 2, -37, 4, 6, 2, 11, 32, 59, 60, -2, -4, 12, 47, -26, 39, 27, -52, -5
.word 58, -30, 24, -36, 55, -12, 10, 60, -63, 28, 27, 62, 25, 43, -25, 6, -60, -15, 13, -13, 18, 56, -39, 43, -61, -20, 63, -26, 43, -37, 53, 23,
.word 15, -6, 26, 33, 44, 10, 14, 58, 61, -35, 33, -20, 2, 17, -37, 41, 15, 17, 2, 23, 12, 1, 22, -37, -10, 16, 5, 55, -31, -62, 49, -57
.word 22, -42, 61, 6, -34, 35, -3, 13, 16, 56, -2, 28, 56, 38, 2, 42, -42, -49, -22, -49, 0, 49, 29, 17, 28, 3, -57, 0, 59, 27, 5, -22,
.word -26, -24, 0, -40, 30, -3, -24, -42, 30, 19, 13, -9, 57, 6, -42, -46, 36, -52, 16, 36, -55, 42, -60, 4, 2, 50, 42, 24, 32, 33, -58, 15
.word -22, 3, -33, -21, 16, -39, 20, 39, 2, -37, 20, 15, 27, 0, 1, 53, -19, -62, 32, -12, -18, 61, -31, 60, 61, 14, 31, 6, 15, -17, 22, 39,
.word 62, 30, 56, 15, -30, 49, 48, 32, 16, 63, 12, 42, 12, 43, 1, -11, 56, 31, 20, 60, 59, 48, -27, 25, -63, 27, 29, 39, 1, 11, 37, 2
.word 0, -15, 16, 7, 56, -54, 8, 63, 39, 18, 32, 46, 12, 35, 17, 15, 7, 38, 41, 34, 36, -54, 40, -51, 16, -21, 63, 17, -61, 61, -26, 32,
.word 43, -57, -51, 54, -53, 4, 34, 45, 61, 34, 6, 8, 39, 18, 18, 36, 56, 17, -57, 2, 52, 12, 62, 8, 60, 56, 29, 5, 6, -7, 9, 21
.word 8, 44, 47, 48, -53, 58, 54, 47, 45, 52, 40, 15, 17, 7, 1, 28, -4, 12, -55, 22, -57, 32, 19, -33, 55, 10, 14, 14, 48, 58, 51, 60,
.word -30, 42, -4, 3, 17, -44, 51, 36, 34, 9, -8, 16, 46, 43, 32, 24, 47, 21, -2, 49, 59, 55, 43, 24, 10, 62, 58, -11, 25, 9, 29, -57
.word 35, 0, 38, 57, -14, 16, -12, 7, 10, -40, -20, 44, 42, -40, 22, 20, -47, 31, -5, -54, 8, -13, -47, 42, 26, 62, 7, 28, -32, 57, 37, -48,
.word 34, -41, -39, 60, 38, 4, 30, -15, 1, -38, 55, 58, 7, 14, 1, -1, 13, -12, -11, 35, 17, 7, 22, 39, 35, 32, 17, -50, -13, 5, 62, 51
.word 50, 63, 7, -46, 10, -8, 11, 55, 61, 9, 49, 39, -59, 14, 51, 4, 0, 34, 37, 31, 6, 15, 23, 0, 30, -35, 4, 15, 54, 56, -30, 15,
.word 63, 37, -3, 20, -44, 27, -43, 23, 37, 25, -4, 41, 5, 37, -30, 1, 38, 3, 43, 51, 59, 26, 42, -48, 44, -58, 50, 43, -5, -27, -5, 2

arrY:
.word 3, 21, -28, -5, 22, 62, 16, -17, 56, 45, -46, -33, -41, 24, 25, -25, 31, 10, 54, 19, 46, 14, 0, -59, -42, -34, 0, 12, 0, 23, 62, 53,
.word 31, 25, -14, -35, 62, 59, 16, 55, 30, 18, 30, 8, 3, 56, 16, -31, -45, 6, 37, 56, 26, 34, 41, 36, 52, 37, 21, 48, -13, 27, 22, 13
.word 51, -62, 60, 59, 41, 0, -56, -25, 27, -62, 44, 9, -23, 23, -31, 48, 56, -42, 37, 11, 3, 33, 48, 39, 57, 59, 20, 31, 41, -24, -27, 26,
.word -54, 7, 42, 42, 30, 41, -5, 25, -54, 37, -25, 53, 59, 11, 21, 41, -42, -39, 3, 2, 28, 47, -59, 32, 28, 59, -10, 57, -61, 27, -42, 30
.word 52, 41, 22, 24, 22, 19, -15, -3, 57, 34, 47, 8, 31, 63, 39, -31, -34, -19, -52, 42, 51, 28, -50, 47, 31, 47, 44, 59, 27, 21, -24, 30,
.word 61, 51, 30, 59, -28, 20, 56, 57, -20, -37, 32, 12, 28, -61, -22, 47, 14, -4, 1, 61, 23, 43, -21, 38, -13, 42, 45, 40, 24, 61, 1, 1
.word 16, 59, 4, -46, 11, -43, 61, 10, 30, 55, 43, 20, 5, 49, 62, 22, 55, -31, 10, 24, 38, -54, -21, 46, 53, 62, 5, 36, 36, 17, 8, -49,
.word -56, 60, -30, -24, 23, 40, 15, -32, 61, 37, 49, 13, 32, -56, 5, 40, -57, 0, 56, -28, -39, 61, 27, -59, -60, 27, -42, 3, 6, 51, 36, 8
.word 0, -53, 34, 8, 22, 0, 35, 10, 27, 13, 13, 16, 12, 30, 31, 15, -47, 23, -22, -27, 37, -29, 22, 40, 12, 55, -6, 44, 11, 4, 49, -9,
.word 23, 50, 1, 25, 40, 47, 30, 47, 12, 4, 47, 38, 59, -37, 61, -13, 15, -2, 12, -55, 18, 50, 61, 28, -8, 28, 17, 50, 44, 57, 5, 62
.word -5, 37, -27, 5, 2, 31, 25, 9, 27, 25, 40, -58, 34, 62, -58, 60, 60, 17, 62, 5, -14, 0, 31, 8, 47, 40, 44, 43, 21, 54, 37, 15,
.word -20, 57, 54, -20, -35, 43, -30, 61, 21, 36, 7, 16, 57, 44, 57, 0, 27, 32, -55, 22, 9, 29, 54, 52, 0, 13, 39, -36, 36, 63, 12, -43
.word 56, 58, 0, 10, 18, -48, -1, 20, 60, 9, 63, -4, 62, 1, -2, 51, 56, -41, 61, -1, 26, -24, -21, 29, 14, 52, -20, 49, 59, 29, -31, 55,
.word 61, 15, -20, 11, 1, 11, -16, 39, -15, 43, 20, -53, 16, 13, 35, 7, 38, 28, 39, -41, -10, 63, 29, -56, -2, 15, -1, 39, -23, 0, 57, 28
.word -30, 26, 31, 45, -56, 4, -19, 1, -32, 44, 20, -50, 8, 39, 58, -33, 59, 29, 62, 3, 55, 11, -4, -32, -28, 6, -32, -29, -43, 41, 7, 62,
.word -5, -28, 39, 58, 39, 41, 18, 15, 21, 32, 14, 29, 1, -31, 17, 10, 58, 27, 5, -63, -27, 23, 49, 29, 60, 60, 58, 4, 33, 3, 1, 9
.word -51, -28, -58, 37, -4, 3, -35, -61, 29, 42, 19, -18, 18, 39, -34, 15, 21, 14, 7, -36, -47, 2, 8, 51, 56, -61, -12, 0, 37, -49, -24, 29,
.word 44, 60, -30, 63, 8, 33, 0, 55, -49, 5, 4, 27, 45, 50, 13, 50, 59, 45, -14, 39, -46, 40, 28, 39, -19, -11, 50, 2, -52, 36, 3, 59
.word -4, 24, 20, 41, 8, -49, -48, -50, 5, 28, 37, 22, 18, 26, 16, -20, -61, 38, -43, 20, 33, 24, 30, 22, 8, 26, -16, 6, 42, 55, 54, -14,
.word -55, 6, 4, 22, 32, 56, 57, 33, 0, -47, 43, 50, 22, 15, 53, -1, 17, 15, 33, 60, -20, 63, -2, 15, 27, 18, -51, 27, 45, 23, -7, 15
.word 31, -47, 4, 2, 31, 38, 34, 35, 51, 4, 57, 49, -10, 9, -32, 42, 54, 63, 4, 20, 3, 4, 48, 34, 28, 10, 6, -60, 3, 33, -29, 34,
.word 37, 14, 35, 13, 29, 11, 57, 48, 20, 43, 54, 42, -44, 29, -24, 29, 34, 39, 14, 44, 7, -56, -37, 22, 35, 20, 41, 20, 11, 31, -49, 32
.word -40, 25, 61, -33, 60, 4, 1, 28, -29, 63, 47, 28, -4, 29, 56, -9, 6, 22, 39, -7, 16, 6, 38, 55, 18, 10, 9, 60, 34, 3, 24, 59,
.word 47, 33, -9, 59, 51, 44, 35, 29, 25, 55, -14, -47, 14, 11, 0, 4, 25, 6, 13, -60, -2, 26, -11, -27, 31, 6, 6, -30, 41, 58, 48, 24
.word 35, -44, -32, 49, 17, -8, 3, 1, 54, -16, 61, 17, 24, -15, -10, 18, 7, 30, 38, 10, 26, 20, 54, -1, 28, 41, 0, 0, -5, 32, 56, 61,
.word 48, 38, 42, -14, 4, 34, 55, -39, -53, 46, 10, 13, 62, 31, -32, -53, -55, 39, 13, 37, -24, -11, 43, -36, 2, -21, 0, 28, 16, -53, 23, 0
.word -7, -47, -30, 37, -28, -6, 35, 40, 60, 50, 32, -60, 9, -32, 28, 46, 9, 55, -49, 29, -13, -22, 14, 21, 60, 8, -21, 13, 53, 62, -15, -53,
.word 9, 63, -9, 9, 0, 6, -29, 26, 35, 55, -38, 23, 50, 45, 2, -25, -16, 7, -53, 48, 47, -4, 18, 38, 0, 47, 34, -2, 28, 22, 18, 43
.word 8, 60, -2, 50, 34, 61, -21, 43, 1, 60, 32, 56, 46, -28, 61, 35, 57, 2, 11, 44, 44, 34, 13, 23, -39, -50, 18, -5, 56, 1, -40, 59,
.word 3, 28, -51, 59, 49, 32, -43, 14, -12, 27, -43, 31, -1, 25, 4, 10, 19, 21, -46, 37, 46, 30, -61, 45, -45, -40, 40, 59, 39, 18, -42, 50
.word 2, -3, -23, 15, 45, 32, 26, 52, -21, 31, 35, 38, -48, 53, 20, 23, 46, 6, 2, 12, -3, 26, 57, 37, 43, 11, 32, -25, 41, 42, 54, 19,
.word 27, 43, 46, 12, 35, -16, 54, 42, 58, 48, 38, 42, -25, 12, 21, -52, 56, 13, 22, 24, -1, 21, 30, -24, 52, 51, 19, -41, 50, 59, -20, -56
.word 15, 51, 31, -31, 52, 23, -52, 42, 57, -3, 59, 56, 34, 52, -35, 3, 50, 25, -2, 50, 45, 8, 57, 11, 16, 62, 59, 56, -42, 21, -25, 0,
.word 15, 28, 18, 7, 24, 33, -1, 4, 59, 28, -57, 20, 1, 48, 2, 37, 10, -34, 16, -28, 56, 57, 42, 11, 0, 27, -60, 28, -25, 23, -61, -44
.word 61, 36, -55, 53, 62, -41, -44, -13, -27, 37, 24, 20, 14, 13, 39, 19, -8, -50, -56, 47, -23, 30, 12, -48, 20, -63, -23, 30, -63, 48, -38, 12,
.word 60, -46, 38, 43, 54, 1, 53, 43, 6, 53, -62, 2, 0, 37, 55, 20, 47, 39, 33, 19, -28, 26, 5, -26, 48, 41, -35, 44, 31, 9, 2, 9
.word -33, 8, 3, 25, -48, 48, 57, 1, 25, 24, -23, 32, 22, -12, 8, 10, 5, -43, -46, 39, 56, 19, 33, 27, 0, 56, -56, 13, 2, 38, 46, 51,
.word 3, 60, 35, 15, 59, -13, 56, -23, 28, -15, -40, 34, 53, 53, -58, 22, 7, 47, 54, 5, 33, 13, 60, -17, -52, -45, 60, 7, -24, 20, 36, 16
.word 61, 21, 61, 36, 46, 56, 23, 2, 42, 40, 63, 24, 43, 42, 24, 59, -57, 9, 43, 21, 31, 3, 24, 2, 53, -41, 25, -12, 47, 19, 48, 28,
.word 31, 31, 19, 36, 3, 41, 45, 29, 21, 23, 9, -50, 25, 63, 20, 50, 1, -61, 7, 6, 9, 37, 26, 25, 9, 29, 20, 10, 21, 55, 37, 28
.word 60, 58, -59, -13, 48, 58, -52, 58, 5, 16, 39, -7, 36, 37, 41, 47, 26, 40, 42, 25, -39, 36, 40, 25, 54, 6, 5, 25, 13, 51, 63, 27,
.word 12, 47, -56, 16, -28, -58, -19, 49, -62, 38, 6, 44, 61, -9, -2, 21, -39, 4, -13, 62, -8, 46, 12, 36, 23, 13, 9, 48, 25, 2, -29, -41
.word 28, 35, 1, 19, 26, 37, 32, -49, 20, 21, 56, 36, 63, 45, 63, 33, 4, 5, -38, -16, 25, 39, -63, -49, 22, 50, 13, -33, 61, -41, 37, 24,
.word 16, 48, -53, 55, 53, 7, 54, -9, 0, 27, -17, 25, 11, -11, 14, 26, 0, 20, 10, -3, 41, 53, 4, -44, 57, 17, 4, 25, 45, 63, 8, 25
.word 36, 62, 57, 47, -13, 2, 34, 21, 54, 37, 16, 9, -36, -57, 34, 53, -1, 54, 54, 29, -9, 20, 14, -6, 15, 62, 42, 29, 16, 59, -42, 57,
.word 36, 37, 20, 29, 35, 8, 26, 54, -58, -9, 60, -51, 61, 62, -30, 18, -39, -29, 59, 25, 44, 15, 48, 48, 58, 15, 32, 2, -48, 5, 56, -17
.word 15, 28, 42, 40, -23, -29, 61, 50, 7, 45, 3, 5, 48, -2, 33, 8, -2, -59, -26, 3, -28, 57, -46, 17, 45, 29, 46, 36, 44, 6, 58, -63,
.word 51, 41, -30, 63, -12, 20, 36, 49, 35, 3, 49, 47, 14, -43, 5, -4, 37, 6, 25, 62, 61, 33, 55, 52, 32, 44, 30, -47, 17, 52, 5, 15
.word 38, -45, 26, 38, 61, -57, 25, 15, 36, 11, 22, -47, -20, 62, 29, 3, 34, -3, 28, 20, 48, 14, 59, 3, 24, 34, 8, -23, 54, 54, 35, 22,
.word 42, 2, 3, -33, 35, 61, -13, 62, -14, 20, 50, -51, 1, -59, 34, 41, 44, 20, 1, 35, 36, 3, 33, -23, 34, -6, 23, -61, -34, 60, 10, 18
.word 17, 38, 27, 55, 42, -49, -60, 60, 51, 51, -60, 34, 40, 35, 4, 41, 27, 39, 25, 54, 26, 15, 47, 53, -14, 45, 24, -40, -46, 51, 1, 7,
.word 44, 19, 13, 9, -48, 62, 36, 2, 27, 60, -62, -51, 48, 30, 4, -15, 20, 54, 44, -9, 23, 60, 58, 45, 45, 8, 14, 24, 34, 48, 28, -23
.word 34, 17, 12, 42, 33, 31, -36, 48, -54, -61, 52, 2, 11, 61, -50, -23, 33, 34, 3, 16, 51, 0, 60, 41, 41, 54, -59, 52, 43, 46, 5, 50,
.word 47, 19, 34, 23, -19, 45, 9, 1, 61, 16, -47, 0, 53, 57, 52, 32, 0, 22, 22, 56, 5, 56, 60, 1, 48, -51, 21, 59, -33, 4, -31, -57
.word 23, 2, 61, 23, 32, -17, 9, 22, 35, -25, -60, 2, 8, -52, 42, 8, 61, 46, 5, 60, 21, 1, -31, 23, 33, 58, -5, 60, -2, -54, 29, 45,
.word -8, 20, 33, 50, -30, 20, -12, 0, 29, 11, 55, 48, 55, 38, -36, 47, -48, 58, 21, 8, -33, 49, 8, 26, 45, -8, -45, 30, 31, 58, 25, 48
.word 45, 26, 24, 54, 63, 38, -25, 45, 38, -43, 45, -57, 14, 16, -28, 48, 43, 12, 45, -60, 42, 52, 35, 10, 22, 29, 62, 16, -9, 52, 32, -48,
.word -48, 15, -63, 10, 46, 44, 31, 27, -43, 56, -15, -55, 40, 62, 16, -21, -43, 30, -48, 19, 38, 48, 54, 58, 4, 11, 59, 43, 46, 44, 24, 63
.word 38, 45, -5, 53, 0, 48, 49, 23, 28, 8, -37, 59, 30, 18, 41, 58, 46, 37, 40, -30, 1, 30, 56, -40, -24, 44, 36, 17, 14, 57, 52, 6,
.word -26, 21, 7, -42, -1, 58, 62, 14, 19, 20, 33, 58, 9, 39, 38, -32, 25, -3, 41, 40, 54, -36, 5, -10, 44, 16, 5, 61, -61, 12, 17, 35
.word 35, -11, -20, 55, -23, -62, -14, 53, 39, -8, 15, -59, 41, 47, 52, 38, 57, 36, 37, -23, 55, 25, 29, 1, 19, 49, -15, -46, 52, -51, 47, 0,
.word -11, -53, -63, 45, 33, 61, 20, 4, 7, 9, 34, 15, 20, 62, 28, 44, 34, 23, -46, 25, 10, 14, 20, 5, 8, 50, 5, 0, 3, 29, 61, 6
.word 42, -1, 34, 40, 48, -11, 9, 32, 31, 59, 19, 62, 57, 54, -36, 22, 26, 39, 50, 42, 6, 39, 6, 32, 25, -11, 22, 2, -37, 6, -53, 24,
.word -51, 12, 15, 8, 44, 36, -54, 24, 31, 59, 45, 5, 54, 27, -39, 58, 52, 0, -61, 25, 55, 28, -2, 60, 24, 23, -52, 23, 39, 21, -38, 40
.word -23, -30, 48, 62, 52, 20, -14, 24, 7, -43, 11, 38, -53, 0, -12, 54, -17, 55, 11, 41, 15, 54, 14, 4, -61, -17, -50, 58, 52, -3, 34, 35,
.word 13, -53, 16, 23, 27, 61, 27, -63, -50, -32, 8, -12, 20, 60, 8, 42, 58, 45, -61, 41, 18, 2, 41, 6, 18, 63, 1, 23, 26, 12, 51, 55
.word -22, -55, -41, 45, 7, -40, 49, 11, 21, 29, -22, 43, -8, 19, 47, 40, 47, -25, 63, 19, -54, 55, 42, 42, 14, -21, 60, -21, 57, -63, 52, 45,
.word 6, 60, 13, 12, -11, 42, -7, 53, 28, -57, 12, 28, 56, -45, 2, -15, 33, 13, 27, 50, 30, 28, 49, 58, 29, 37, 2, 46, 28, 38, 53, 38
.word -1, -6, -14, -3, 21, 17, 49, 20, 62, 55, 59, -59, 0, 54, 24, 13, 17, 54, 11, 11, -24, 40, -39, 24, -54, 38, 53, 10, -4, -44, 29, 53,
.word 12, 13, -36, 56, -52, 7, 29, 1, 47, 5, 9, 27, 16, 41, 0, -28, 10, 35, -2, 44, 60, 18, 18, 45, 58, -39, 2, 17, 9, 63, 26, -21
.word -5, 19, 20, 61, 50, 42, 34, 7, 10, -33, 48, 30, 45, 2, 57, 44, 15, -5, 63, 53, 18, -54, 55, 17, 43, 13, 37, 20, 8, 26, 45, 63,
.word -5, -33, 7, 54, -53, -13, 42, 45, 17, 49, 37, 9, 28, 47, 41, 6, 51, 51, 61, 19, 21, 31, 0, 21, 7, 8, 11, 27, 52, 49, 57, 11
.word 31, -39, 39, 15, 28, -60, 60, 45, 23, 48, 6, 10, 22, 23, 51, 60, -33, 46, 31, 6, 45, 23, -20, 44, 58, -14, 40, 59, 20, 14, 53, 25,
.word -46, 32, 6, 8, 40, -28, -36, 40, 37, 30, 15, -12, 44, 43, 37, 56, -13, 33, 62, 6, 9, 35, 42, -11, 2, 30, 3, 53, 5, 16, 38, 61
.word 33, -6, -8, 7, 46, -62, 54, -40, 50, 9, 49, 36, 32, 32, 62, 57, 60, -63, 11, 21, 49, 17, 28, 31, 0, 4, -39, 39, 29, 13, 37, 59,
.word 5, -37, 1, 9, 13, 25, -21, 55, 32, -7, 36, 15, 54, 29, -35, 60, 18, 57, 27, -5, 30, 17, -22, 8, 4, -63, 62, -41, 43, 15, 30, 56
.word 44, 4, 52, 47, -40, 5, 8, -54, 29, 52, 3, 15, 36, 62, 41, 52, -39, -28, 2, 46, -11, -42, -2, 32, 21, -59, 51, 7, 41, 26, 59, 40,
.word -7, 63, 16, 52, 33, 47, -62, 3, 37, -44, 8, 47, 57, -4, -24, 23, 48, -41, 4, 28, 60, 9, -27, -14, 10, 24, -45, 4, -18, 27, 52, -10
.word 9, 37, 16, -50, 12, -7, 7, 40, 15, -36, -9, 35, 48, -5, 48, 8, 2, 6, 46, 31, 52, -35, 59, 13, 12, 7, 25, 48, 40, -45, 5, -18,
.word -35, 27, 17, 13, -33, -2, 59, -39, 1, 29, 24, -36, 4, 24, 7, 17, -3, -61, 39, -26, -58, 36, 44, 61, 57, 7, 41, 17, 61, -54, -20, 47
.word -52, 44, 54, -35, -35, 38, 19, 60, 62, 30, -47, -20, 26, 48, -19, 6, 12, 35, 56, 51, 14, 42, 61, 47, 42, 35, 61, 5, 2, 6, -21, 29,
.word -62, 37, -6, 18, -50, 55, 35, 42, 51, 38, 5, 8, 32, 29, 26, -24, 58, -15, 21, 21, -29, -54, 50, 13, 46, 23, 30, 59, -46, -53, 18, -33
.word -10, 12, 17, 39, 46, 47, -62, 7, 48, 32, 61, 13, 51, 52, 15, 17, 5, 57, 0, 4, 61, -15, 48, -41, 52, 46, -37, -29, 62, 30, 38, 39,
.word -13, 1, 0, 60, 57, 58, 34, 9, -44, 8, 52, 42, -55, 0, -55, 9, 8, 18, 17, 7, 26, -52, 36, -18, 53, 34, -1, -28, -20, 22, -4, 16
.word 43, -22, 49, 6, 30, 7, 56, 18, -53, 23, 0, -46, 15, -32, -37, -33, 19, 12, 20, 16, -13, 52, 50, 50, 59, 29, 60, -16, -16, 32, 32, -5,
.word 56, -57, 36, 62, 33, 54, -56, 58, 50, 47, 35, 58, 47, 41, 27, 3, 0, -31, 6, 21, 15, -59, 51, 59, 13, -20, 41, -35, -41, -40, 59, 24
.word 40, 31, -21, -21, -63, 44, -6, 24, -18, -3, 58, 20, -51, 40, -40, -41, -55, -62, 60, 49, 36, 45, 5, -61, -49, -20, -38, 15, 37, 7, -55, 29,
.word 56, -59, -46, 47, 10, 60, 34, -39, 57, 0, 36, 57, 7, 22, 49, 45, 14, -30, 21, 15, 43, 47, 5, 33, 18, 30, -49, -63, 25, 54, -8, 52
.word 13, 18, 33, -2, 45, 25, 7, 48, 28, 15, 39, -5, -35, 10, 32, 1, -18, 15, 53, 63, -2, 20, 19, -35, 20, 61, 1, 59, 63, 16, 4, 12,
.word 38, 9, -45, 62, 33, -57, 23, 36, 16, 38, 37, -54, 39, 3, 25, 2, 42, 26, -20, 7, -43, 41, 29, 46, -48, 63, 54, 57, -60, 8, 11, 20
.word 22, 13, -7, 31, -20, 53, 22, 31, 55, 27, -20, -10, 16, 38, 29, 17, 41, 29, -50, 35, -5, 56, -59, 34, 54, 32, 18, 27, 62, 62, 59, 15,
.word -45, 22, 41, 37, 18, 9, 54, 0, 41, 55, 12, 29, 19, 37, -42, 51, 33, 54, -3, 56, 58, -34, 45, 28, 4, -17, 37, -26, 10, -7, 52, 12
.word 4, 31, 30, -28, 24, 8, 33, 27, -56, 53, 27, 22, 15, 25, 24, -24, 40, 35, 14, 31, 61, 44, 12, 4, 52, 35, 9, -52, 23, 27, 51, 11,
.word 42, -33, -45, 31, 40, -9, 18, 57, -8, 21, 22, 42, 23, 28, 57, 37, 21, 28, 7, 44, 6, -35, 4, -31, -57, 29, 62, 60, -13, 31, -63, -41
.word 10, 22, 0, 0, -57, 31, 1, 9, 50, -10, 46, 5, -31, 1, 40, 51, 48, -4, 12, 55, 41, 2, 20, 36, 50, -55, -53, -27, -33, 50, 6, 60,
.word 47, 39, 6, 1, 52, -25, 15, 14, 44, 33, -2, 53, 24, 44, 13, -21, -42, -55, -26, 31, -60, 22, -53, 12, 42, -2, 41, 15, 31, -31, -36, 40
.word 48, 62, 24, -24, 21, 31, 19, 44, 24, 41, -38, 2, 51, -49, 22, 38, 57, 17, 2, -37, -24, 35, 47, 40, 62, 8, 9, -42, -43, 20, 53, 8,
.word 32, 63, -2, 58, 40, 5, 45, 30, 62, 16, 48, -4, -23, -29, 19, 59, 62, 22, -31, 27, 46, 31, 14, 6, 36, -20, -18, 48, 49, -53, -51, 56
.word 43, 51, 30, -17, -47, 39, 46, 11, 5, 38, 56, 0, 37, -45, 38, 10, 51, 27, -12, 30, 29, 57, -52, 29, 36, -16, -26, 5, 5, 24, 24, 60,
.word 32, -29, -4, 39, 2, 44, 37, 47, 12, 37, 15, -38, 29, 0, -33, 0, 20, -45, -26, -57, 53, 18, 46, 36, 0, 33, -52, 35, 6, 6, 32, -40
.word 37, 12, 42, 27, 42, -58, 46, 18, -41, 61, -60, 47, 4, -42, 60, 24, -40, 32, 41, 49, -40, 43, 11, -4, 49, 17, -34, 48, 54, 10, 44, -20,
.word -6, 38, -48, -2, 4, 47, 42, -3, -53, 9, 21, 61, 19, -61, 41, 20, 6, 30, -19, 14, 13, 38, 49, 19, 61, 61, 22, 29, 1, 42, 44, 25
.word 57, -40, 23, -35, 52, 27, 50, -11, -12, 2, -2, 12, 59, 45, 53, 26, 61, -59, 57, 56, -40, 19, 3, 10, 39, 49, 45, -45, 52, 15, 33, 24,
.word 44, 51, -49, 19, 0, 52, 6, 18, 11, -23, 1, 32, -32, 31, 25, 32, -10, -43, 0, -21, 37, 3, 8, 25, -24, 12, -53, 16, 28, 23, 39, 59
.word 11, 45, 37, 11, 12, -54, 35, -40, -63, 22, 32, 10, 21, -51, 25, -46, 21, 48, 30, 4, 10, 63, 9, 41, 27, -62, -37, 57, -42, 55, 26, 39,
.word 1, 41, 19, 10, 40, 10, -49, 59, 51, 9, 1, 20, 46, -46, 49, 56, 45, -17, -15, -29, -38, 42, 28, 36, 30, 40, -47, 11, 8, 38, 15, 43
.word -63, 61, 24, 7, 3, 22, 22, -46, 40, 19, 19, 53, 24, 20, 57, -36, 60, -7, 61, -19, 63, 31, 35, 9, 36, -35, -59, 19, -51, -59, 39, 36,
.word -1, 56, 58, 62, 52, 15, 43, 35, 54, 7, 30, 5, -3, 61, 31, 14, 13, -31, 17, 2, 59, 28, 42, -54, 5, 18, 24, 52, 23, 6, -19, -23
.word 26, 40, 21, -48, -60, 55, 12, 7, 42, 53, 48, 30, -27, 61, 56, 14, 12, 61, 33, 49, -58, 4, 21, -23, -36, -3, 54, 27, -6, 63, 45, 17,
.word 4, 26, -60, 3, 52, 60, 18, 10, 32, 10, 46, -39, 62, 51, -51, -37, 18, 30, 11, -4, -41, 10, -20, -50, -33, 10, 34, -4, 23, 11, -59, 2
.word -48, 28, -2, 59, 33, 38, -25, 41, 21, 10, 36, 23, 5, -5, -19, 13, 40, 62, 10, 21, -63, 32, 20, 19, 60, -32, 43, -27, -26, 48, 40, 48,
.word 39, 59, 40, -28, -13, 1, -5, 11, 50, 33, -35, 14, 29, 42, 60, -22, 8, 21, 35, -25, 46, -17, -46, -53, 8, 62, -19, -40, 10, 54, -44, -43
.word -30, 37, 50, 49, 24, 21, 31, 39, 33, 18, 49, -37, 12, -3, 40, 45, 46, 8, 17, 2, 60, -48, -33, 3, 61, 56, 16, 43, 57, 21, 28, 39,
.word 21, 43, 41, 15, -4, 1, 24, 41, 27, 4, 62, 8, 29, 24, -32, 4, 47, -27, 29, 62, 43, 7, -4, 24, 17, -11, 12, 7, -49, 35, 32, 7
.word 23, -40, 14, 21, 37, 60, -13, 9, -49, 47, 40, 40, 22, 43, 51, 6, 22, -62, 20, 29, 48, 35, 45, 29, -1, 29, 2, 3, 16, 15, 33, 13,
.word 3, 27, -31, 17, -17, 13, 33, 30, 54, 12, 0, -18, 62, 20, 55, 23, 45, -18, 43, -27, 23, 59, 19, 28, -20, -3, 56, 37, 54, 21, -26, 40
.word 31, 19, 29, -6, 24, 45, 27, -53, -50, 4, 13, -32, 34, 49, 34, 4, -19, -11, 7, 37, 19, 10, -28, 31, 56, 56, -13, 10, 13, 44, 21, -48,
.word 9, -25, 13, -47, 16, -15, 57, 58, 18, 56, 10, -14, 61, 7, -44, 59, -51, -5, -18, 33, -45, 15, 31, 25, 60, 16, 19, -30, 25, 35, 30, 58
.word 50, -18, 51, 38, 35, 8, 63, 51, 50, 1, -34, 21, -6, -1, 22, -53, 59, 12, 58, 15, 40, 32, -56, 34, -23, 47, 4, 53, 61, -46, 49, -28,
.word 43, 27, 28, -3, -2, 44, 56, 37, -50, 9, 25, 0, 52, 43, 18, 18, 48, -34, 23, 17, 10, 20, 11, 17, 13, 52, 24, -62, 35, 50, -48, 50
.word 49, -45, 59, 34, 59, 7, -47, -5, 51, 35, 46, 24, 10, 7, 14, 28, 15, 7, 8, 15, 31, 10, 46, 11, 9, 45, 16, 9, 15, 21, 11, 28,
.word 59, 36, 13, -6, 9, 59, 32, 25, 52, -33, 11, 31, -59, 55, 38, 32, -54, 36, 55, -48, 59, -56, 49, 5, 23, 42, 17, -60, 61, 19, 6, -4
.word -56, 0, -19, 48, -27, -42, -57, -49, 22, 50, 36, 52, 33, 5, 58, 35, 50, 34, 19, 20, 58, 58, -46, 3, 7, -44, -35, -14, 39, 43, 29, -20,
.word 50, 21, 8, 52, 40, 53, -26, 27, -45, -14, -40, -20, 47, 50, 14, -29, 61, 5, 28, -8, 40, 26, 54, 36, 62, 52, -14, 54, -8, 11, -47, -22
.word 26, 49, 21, 58, 55, 63, -11, 16, -22, 47, 13, 35, 14, 43, 22, -41, 28, 39, 20, 46, 54, 56, 18, -10, 13, 13, -32, 47, 30, -44, 27, -37,
.word -48, 41, -45, -16, 6, -37, -18, 0, 42, 58, 62, 56, -4, 17, 58, 23, 2, -47, -25, 20, 9, 55, 41, 58, -5, -29, 30, 33, 58, -1, 41, 31
.word 26, 27, 14, 18, 41, 50, 0, 38, 33, 10, 25, -33, 29, 8, 60, 50, 54, -9, 61, 28, 36, -56, 59, 42, -34, 28, 31, 15, -33, 3, 63, 51,
.word -3, -58, 23, 38, 36, -31, 61, 61, 62, 26, 23, -27, 2, 21, -20, 55, 4, 23, 7, 22, 27, -11, 0, 55, 34, 28, 60, 50, 22, 63, 16, -1

arrZ:
.word -39, 48, 21, -26, 60, -9, -46, -59, 18, 9, 15, 12, -3, 15, -2, 39, 40, 24, 30, 45, 24, 23, 55, 22, 41, -24, -27, 29, -48, 49, -60, -29,
.word 48, 33, 40, -40, 5, -6, -17, 6, 59, 51, 2, 52, 61, 38, 62, 30, -56, -60, -15, -32, 36, 17, 2, 48, -53, 20, 53, 42, -46, -44, 19, -26
.word 11, 44, 59, 46, 51, 20, 22, 52, -41, 3, 17, -16, 62, 44, 8, 29, 29, -45, 23, 55, -27, 0, -17, 61, -61, 24, -45, 14, 37, 61, 2, 0,
.word 36, 56, 9, -6, 59, -21, 59, -6, 18, -6, 7, -43, -16, 26, 3, 49, 8, 35, 25, -53, 47, 33, 29, 34, 6, 47, 62, 57, 3, 32, 46, 46
.word 59, -7, -58, 40, 6, 20, 49, 19, 31, 4, 29, 43, 17, 39, 29, -53, -38, -44, -56, 10, 30, 34, 20, -6, 55, 17, 7, -54, 8, 23, -51, 61,
.word 8, -58, -62, -63, 34, 43, 22, 42, -59, 34, -57, 27, 54, 39, -63, 2, -14, -8, 0, 40, 40, 25, 4, 11, 63, -1, -6, -58, 15, 37, -5, 21
.word 36, 31, 36, -7, -26, 10, 36, 29, 4, 28, 59, 7, -55, -24, 20, 16, 11, -30, 55, 60, 6, 48, 29, 13, 44, -43, 63, 50, 31, 51, 57, -44,
.word 50, 52, 48, 59, 56, 32, 56, 54, 23, 13, 20, 13, -10, 38, 3, 8, -29, 31, 45, 3, 5, 58, -17, -34, 18, 62, 47, 25, 11, 61, 18, -4
.word 1, 61, 61, 20, 36, 63, 63, 29, -17, -55, -39, 58, 16, 1, 60, 18, -40, 44, 17, 39, 16, 43, -9, 33, -36, -27, 41, 63, -12, -27, 6, 5,
.word 62, 20, 51, 4, 34, 18, 56, -6, 12, 40, 54, 46, 40, 10, 55, 28, -1, -4, 44, 55, 56, -58, -61, 13, 33, 62, -29, 25, 54, 51, 50, -35
.word 0, -40, -48, 58, -42, 25, 52, 49, 28, 44, 28, 62, 40, 63, 0, -15, 10, 44, 23, 35, 27, -41, 35, 37, 9, 56, 23, -55, 39, -27, 25, 40,
.word 33, 30, 60, 58, 62, 39, 61, 33, 31, 44, -16, -54, 27, -32, -59, 24, 29, 22, -55, 49, -52, 24, 37, -56, 19, -59, 9, -28, -3, 24, -4, 27
.word 38, 59, -2, 20, -5, 39, -37, 47, 5, 29, 27, 50, 53, 29, -59, 27, 42, -63, 3, -34, 63, 51, 41, 30, 12, 60, 52, 6, 57, -34, 27, 21,
.word 21, -49, 40, -33, -29, 13, 54, 53, 38, 41, 32, 3, 18, 13, 35, -51, 55, -17, 56, 8, 6, -28, 0, 62, 2, 0, 23, 59, -40, -23, 43, 4
.word 48, -2, 7, 62, 31, 9, 43, 5, 47, 16, 8, 47, 20, 61, 18, 33, -23, 42, -46, 44, 2, 45, 61, -27, 56, 50, 54, 50, 40, 9, 48, 60,
.word 15, 38, 15, 11, 7, -63, 44, -48, 5, -37, 4, -6, -6, 39, 59, 62, -10, 7, 54, 44, 12, -2, 6, 28, 21, 7, 25, -6, 30, 23, 16, 35
.word 58, -53, 61, 46, 12, 1, 36, 30, 32, 19, 51, 25, -6, 42, 6, -49, 56, 48, 7, -63, -16, -38, -30, 45, -42, 56, 25, 47, 2, -54, 39, 8,
.word -14, 20, 23, 41, -20, 27, 20, 49, 9, 28, 58, -2, -36, 4, -32, 42, 5, -3, 18, 4, 61, 25, 40, 16, -51, 21, 55, 42, 16, -39, 59, -30
.word 16, 28, -14, 9, 0, -29, 44, 26, 25, -13, 7, 43, 37, -7, 36, -32, 6, 23, 29, 32, 3, -6, -42, 15, -16, 19, 19, 46, 17, 25, 26, -42,
.word 55, -53, 34, 50, -19, 22, 24, -1, 2, 63, 20, 14, -34, -27, 34, 29, 6, 45, 40, -15, 23, -58, 10, -24, -16, -34, -5, -10, 24, 36, 42, -19
.word 20, -25, -32, -56, 13, -40, -46, 36, 24, 35, 55, 6, 18, -10, 44, -44, 30, 60, 46, -55, 39, 20, -31, -20, 63, 22, -36, 5, 6, 50, 45, 50,
.word 36, 10, 36, 15, 32, -33, 27, 56, 44, -16, 42, -6, -37, 35, 22, 30, -4, -14, 42, 52, 0, 10, 10, 54, 16, 6, -28, 43, 4, 20, 35, -21
.word 27, 16, 0, -15, 25, 28, 28, 25, 24, 39, 43, 55, 32, -10, 62, 44, -3, 30, 1, 4, -7, -62, 50, 17, -55, 63, 11, 18, -2, -47, 59, 25,
.word 24, 2, 36, -51, 38, -16, 9, -34, 25, -34, -24, 16, 16, -26, 27, 10, -42, 12, 18, -59, 49, 16, 44, 58, -21, 42, 17, 8, 57, -45, -22, -7
.word 4, 15, 19, -15, -21, 62, -19, -7, 20, 21, 43, -7, 0, 57, -44, 22, 20, 8, 48, 43, 55, 7, 33, 50, -63, 27, 37, 15, -22, 59, 8, -52,
.word -56, -3, 19, 46, 23, -21, -4, -46, 16, 46, 43, 27, 5, 4, -40, -42, 52, -9, 28, -19, -45, 44, 48, -54, -35, 54, 34, 16, -39, -53, -13, 48
.word 14, 9, -49, 30, 5, 16, 37, 54, -43, 23, 61, -52, 60, 52, 10, -10, -30, 2, 48, 46, 44, 43, 5, -26, 13, 61, 25, 46, 27, 30, 8, 61,
.word -61, 54, -33, 35, 34, 30, 47, -23, -43, -6, -6, 26, -23, 7, -33, 6, -4, 12, 32, 50, 61, -42, 10, 40, 22, -57, 34, 61, -12, 25, 9, 12
.word -27, 51, 7, -62, -54, -48, -41, 53, 6, -27, 2, 34, -29, 60, -27, 52, 32, 50, -12, 43, 24, 3, 51, 1, 40, 33, -54, 57, 0, 58, 61, 18,
.word 21, 4, 53, 36, -10, 16, 33, 54, 46, -51, -27, 56, 33, 55, 32, 59, 14, -22, 46, -18, 35, -53, 51, 13, -3, 6, 45, 58, 48, -45, -58, 5
.word -40, 13, 23, 15, -1, -62, 48, 22, 11, -17, 27, -7, -60, 28, 28, 0, 62, 27, 44, 15, 46, 33, -24, 17, 21, -28, 46, 60, 23, 34, 59, 56,
.word 47, 14, 61, 8, 42, 10, 33, 37, 62, 39, 36, 24, 60, 47, 28, 48, 58, 38, 27, 34, -23, 7, 8, 47, 46, 51, 58, 14, 5, 46, 36, 44
.word 29, -21, 0, -62, 36, -17, -50, 51, 23, 52, 50, 7, 0, -25, 20, 3, -24, -41, 16, 48, 45, 33, -2, 0, -59, 42, 55, 36, 39, 27, 3, 44,
.word 55, 51, -61, 60, 37, 9, 50, 0, 62, 26, 28, 44, -60, 62, 38, 26, 63, -37, 50, 38, -63, 63, 58, -31, 42, 46, 57, 9, 34, 53, 49, -38
.word 29, 45, 45, -39, 3, 30, 37, 54, -56, 21, 62, 38, 37, 42, -43, -7, -28, 24, 7, 53, -37, 8, 18, 26, 34, 59, 14, 2, -61, -10, 60, -48,
.word -5, -33, 7, -23, -43, 55, 30, 7, 0, 34, -35, -2, -16, -8, 29, 37, 1, 46, 29, -53, -38, -5, -61, 5, 14, 12, 11, 18, 26, 40, 20, 25
.word -19, 30, -14, -57, 0, 56, 11, 60, -37, 12, 23, 12, -57, 41, 1, 35, 10, -6, 21, 12, 62, 20, -3, -36, -24, 25, 14, -33, 26, -21, -12, 49,
.word 58, 47, -54, 37, 1, -63, 9, 44, 19, 17, 44, 41, 60, 34, 55, 32, 10, 1, 11, -54, 32, 16, 24, 11, 3, 12, 15, -53, -53, -21, 43, 30
.word 4, -55, 5, 28, 34, 15, 42, 37, 55, 28, 39, -19, -41, 9, 29, 11, 6, 49, 47, 49, -59, 11, -26, 18, 33, 25, -63, 37, 20, 62, 21, 18,
.word -11, 39, -18, 11, 24, 50, -6, 4, 50, 48, 9, 26, -4, 14, 33, -53, -37, 38, 52, -4, 7, 63, 58, -53, 33, 29, -59, -8, 16, 26, 55, -30
.word 44, -19, 54, 45, -13, 11, -47, -51, 38, 59, 9, 33, 25, 11, 11, 45, 47, 23, -24, 35, 48, -45, 47, 48, 50, 55, -46, -20, -20, 25, 10, 22,
.word 7, -30, 50, 6, 49, -2, 20, 54, 30, 1, 5, 21, 54, -56, 52, -57, 60, 28, 25, 16, 21, 43, 6, -48, 14, 49, 8, 45, 52, 62, 52, -37
.word 14, -30, 35, -50, 1, 34, 62, -44, 5, 32, 36, -11, 50, 1, 0, 22, -39, 54, 35, -3, 6, 44, -56, 17, 53, 10, 62, 50, 30, 23, 26, 45,
.word 34, 12, 12, 42, 52, 24, 46, 42, 27, 61, 10, 10, 34, -7, -16, 62, 24, -56, 25, 55, 56, 58, 57, -9, 26, -45, -53, -13, 26, 20, 9, 28
.word -28, 6, 54, 3, 13, 20, 34, -26, 36, 33, 63, 50, 3, 3, -25, 46, -52, 43, 50, 25, 43, 5, 12, -10, 38, 10, -26, 63, 3, -42, 35, 17,
.word -13, 2, -42, 62, 10, 36, 34, 6, 26, -47, 13, -17, -49, -44, 21, 44, 58, 34, -10, -59, 36, 42, 13, 15, 2, 27, 45, 32, -41, 51, 10, 32
.word 13, -42, 35, 44, 4, 13, 8, 57, -27, -25, 1, 39, 6, -40, 57, 21, 11, 30, 36, -53, 34, 58, 32, 52, 7, 4, 7, 51, -5, 29, 37, -4,
.word 50, 31, -46, -63, 23, 58, 44, -51, 59, 61, -34, 15, 12, 37, 32, 34, 12, 41, 21, 10, -34, 36, 50, 3, -14, -48, -48, 23, -45, 46, -38, 31
.word 17, 45, 50, -20, -60, 35, 16, 28, 38, 15, 13, 20, 35, 7, 19, -59, -47, 11, 32, -54, 24, -10, 0, 6, 52, 61, 60, 59, 20, 40, 40, -11,
.word 12, -57, 54, 8, 9, 54, 57, 47, 18, 46, 62, 45, 43, -57, 57, 44, 28, 49, 21, 33, 11, 39, 20, 50, 3, 53, 10, 20, 56, 10, 19, 54
.word 27, -1, 32, -14, 58, 49, 12, 53, 4, 17, 14, 5, 52, 56, 5, -54, 22, 17, 26, -34, 21, 34, -55, 48, 3, 10, 40, -23, 30, 35, 62, -4,
.word 16, 10, 52, 62, 0, 42, 57, -51, 29, 13, -13, 33, -52, 15, 29, 6, -40, -24, 61, 38, -55, -53, -43, -44, 38, 13, 30, 30, 50, 4, 0, -61
.word 26, -5, 43, 22, 59, 19, -52, 47, 57, 13, 43, 41, 25, 45, 55, 2, 63, 42, -50, 14, 11, 20, -33, 25, 1, -50, -18, 10, -9, 4, 34, 19,
.word 13, 13, 61, -45, 60, 8, 5, 57, 8, 51, 7, 5, 53, -18, 16, 58, 34, 29, 34, 39, 11, 60, 17, 23, 33, -51, -8, 57, 1, 21, 48, 47
.word -22, -49, 22, 23, 8, 50, 9, 50, 20, -18, -29, 26, 23, -48, 63, 26, -43, 14, 37, 35, 56, 7, 31, -43, 31, -16, 10, 27, -26, 41, -43, 46,
.word -16, 24, 33, 34, 17, -27, 35, 36, 5, 62, 31, 48, 38, 18, 30, 40, 61, 35, 60, 57, -47, 62, 27, -20, 23, 47, -44, 48, 58, -36, -4, 6
.word 13, 32, 46, 23, 46, 47, 56, 42, 22, 6, 57, 21, 58, 11, 5, 63, -58, 29, -57, 6, 10, 49, 57, 17, -52, 18, 15, 33, 32, 7, 62, 56,
.word 38, -34, -10, -7, -30, -22, 19, -39, 63, 54, 32, -23, 4, 38, 37, 60, 52, 43, 6, 18, -43, 61, -15, 7, 30, 29, 20, 63, 19, -28, -3, 4
.word 54, -53, 34, 33, 47, 13, -3, 14, 17, 31, 32, -62, 3, 44, -50, -62, -32, 37, 59, 16, 37, -42, -49, 9, -35, -40, 7, 56, -1, 17, -21, 28,
.word 4, 55, -7, -42, -37, 20, 12, -25, 6, 52, -40, 23, 16, 28, -57, 26, 57, 60, 26, 45, 59, -22, -31, 56, -49, 50, 24, -2, 51, -14, -23, 41
.word 58, -18, 12, -20, 1, 16, -26, -6, 52, -37, -3, 52, 7, 34, 43, 47, 48, 58, 1, 5, 56, 35, 29, 31, -35, 29, 44, 28, 20, 18, 9, 36,
.word 3, -54, 44, 6, 16, 56, 20, 62, 27, -29, 45, 59, 55, 0, -15, 57, -3, 22, -43, -20, -6, 41, -35, 17, 3, -7, 39, 49, 16, 30, -22, 49
.word 8, 8, 35, 47, 41, 4, 1, -12, 4, -53, 21, 10, 24, 4, 1, 7, 60, -60, -44, 10, 5, 35, 36, 10, 2, 21, 38, 61, 8, 44, 55, 18,
.word 2, 19, 59, -5, -44, -6, -23, 57, 16, 48, 46, 52, -47, 0, 19, 25, 33, -4, 10, 28, 49, -7, -51, 33, 15, 57, 63, 51, 13, -20, 6, 53
.word 27, 4, -3, 28, 3, 61, 35, 57, 49, -47, 31, -31, 22, -12, 33, -4, -59, 34, 40, 52, 33, -33, 16, 55, 12, 50, 9, -23, 4, 60, -37, -34,
.word -8, 31, 2, 28, 5, 40, 24, 23, 5, 16, -26, 47, 11, -4, 44, -17, -43, 37, 4, 17, 0, -30, 24, 61, 62, -45, -54, 55, 7, 50, 34, 40
.word 51, 60, 15, 0, 7, 40, 20, 61, 51, 43, 6, 43, 30, -1, 32, 14, 55, 11, 24, 22, 42, 62, -35, 18, 38, 0, 32, 59, -8, -62, 38, 60,
.word 23, 35, 18, 14, 55, 60, 9, 50, 11, 28, 30, 41, -20, 15, 53, -23, 18, -60, 52, 33, 23, -6, -43, 16, -43, 34, -4, -47, 52, 18, 9, 53
.word 35, 0, 60, 3, 63, 52, -2, 33, -48, -54, 16, -12, 36, 45, 7, 9, 20, -2, 42, 35, 15, 20, 27, -62, -57, 0, 25, 13, 43, 43, -29, 30,
.word -61, 1, -38, 17, 60, 6, -26, -35, -56, 29, 49, -15, 37, 15, 46, 51, -14, -18, 25, 41, 8, 44, -51, 55, -52, 60, 63, 1, 5, 39, 62, -30
.word 15, 0, 20, 61, 24, 0, 58, 54, 11, 19, -62, -48, 37, -55, 50, 48, 7, 42, -26, 56, -18, -62, 47, 58, 40, 6, 33, 42, 13, -43, 56, 2,
.word -12, 26, 20, 26, -11, 50, -13, 54, -57, 28, 50, 34, 40, -63, 40, 31, 46, 28, 13, -41, 14, -19, 8, 17, 5, 28, 52, -55, 11, -61, -56, 41
.word 22, 40, 59, 60, 45, 37, 25, 54, 36, -22, 17, 53, 3, 17, 14, 33, 63, 8, -27, -3, 20, 61, -32, -11, 7, -29, 46, 53, 4, 45, 0, 55,
.word -25, -57, 4, -61, 38, 5, 46, 10, 50, 14, 57, 19, -10, 16, 15, -10, 7, -29, 0, 36, 20, 44, 59, 56, 30, -14, 10, -21, 34, 30, -45, -26
.word 44, 0, 17, 19, 15, 40, 54, 55, 39, 45, 39, 5, -40, 59, 12, -9, 12, 37, -47, 2, 55, 8, 12, 3, -5, 37, 50, 54, 14, 47, 6, 19,
.word -3, 47, 48, -48, -29, 22, 55, 28, 9, 42, -44, 22, 18, -21, 62, 43, 33, 51, 12, 58, -27, 18, 41, 16, 48, -45, 26, -23, -9, 5, -21, 9
.word -10, 9, 32, 0, 19, -14, 2, 46, 24, 15, 31, -31, -18, -47, -20, 31, -53, 54, 43, 16, 9, 58, -61, 62, 3, 9, -51, 10, 13, 45, -50, 0,
.word 52, 60, 45, 29, 44, 2, -63, 63, -13, -37, -49, 5, 42, -31, -63, -4, -22, 19, 13, 58, -8, -35, 60, 11, -43, -9, 32, 26, 1, 39, 25, -53
.word -43, 51, 57, 50, 41, 10, 56, 46, 5, 63, 6, 48, 18, -8, 2, 28, 6, 39, 61, 1, 47, 12, 32, 10, 50, -12, -34, -63, -20, 32, -5, 4,
.word 12, 11, -5, -47, 24, -27, 54, -30, 46, -32, 39, 4, 39, 17, 33, 56, 1, 54, 16, -58, 33, 32, 58, -63, 41, -56, 63, 11, 34, 19, -51, -49
.word 15, 59, 13, 7, -11, 6, 39, -46, 37, -33, -35, 11, 9, -9, 42, 49, -33, 25, 33, -30, -9, -50, -42, 0, 6, 52, 14, 47, -30, -20, 50, -2,
.word -49, 3, 61, 63, 5, -54, 17, 0, -24, 1, 52, 61, 41, -26, 22, 48, 57, 26, 20, 60, 10, 9, 40, -50, -62, 38, -37, 4, 53, -42, 59, -19
.word 13, 42, 6, -59, -24, 43, 14, -1, -18, 62, 12, 5, -32, -13, 10, -16, 14, 57, -33, 37, 57, 59, -47, 19, 36, -56, 19, 50, 45, -15, -32, 16,
.word 27, -4, 62, 54, 58, 62, 46, 42, 34, 3, 32, 40, -52, 5, 24, 4, -31, 47, 49, -20, 23, 21, -35, 24, 34, 58, 16, -16, 26, 25, 43, 37
.word 37, 39, 59, 3, -13, -24, -24, 53, 11, 61, 17, -31, 35, 30, -22, -24, 25, -19, 58, 38, 46, 55, -46, 2, 27, -20, -13, -24, 45, 62, 59, -63,
.word 21, 40, 40, 22, 13, 30, -57, -53, 31, 0, 61, 28, 16, 46, 48, 31, 0, -20, 21, 63, 55, -30, 61, 4, 28, 9, 30, 4, 0, 57, -32, -54
.word 31, -8, -53, 23, 37, 29, 8, 0, 39, 62, 47, -51, -53, 33, 4, 53, 34, -23, 6, 5, 35, 14, 4, 16, 24, 48, 17, 55, -15, 28, 48, 54,
.word 16, 42, 60, -1, -18, 11, 30, 2, 42, 62, 22, 2, 14, 57, 49, 16, 61, 23, -42, -26, 40, 19, 1, 61, 7, 38, 49, 3, -8, 61, 43, 58
.word 8, 35, 41, 47, 34, 25, 23, 14, 18, 60, 30, 2, 59, 31, 12, 16, 42, 8, 48, 37, 58, 54, -21, 48, 57, 42, -44, -61, -43, 15, 53, 12,
.word -18, 51, -12, 20, 23, -23, -15, -19, 53, 32, 41, -9, -58, 11, -55, 15, 44, -11, -26, 62, 42, 29, -30, 2, 45, 52, 63, 42, 22, 41, -14, 23
.word 58, -51, 3, 6, 7, 39, 20, 56, 11, 24, 43, 4, 56, 15, 37, 1, -10, 51, 37, 58, 29, 18, 10, 50, 56, 32, -13, 36, -17, 12, 27, 21,
.word -1, 50, -2, 19, 14, -16, 49, 46, 13, 12, -50, 31, 36, 57, 56, 36, 22, -32, 3, 55, 25, 41, 10, 51, 37, 49, -48, -26, 60, -20, -33, -46
.word 15, 16, -1, 35, -15, 37, 36, 48, 24, -33, 50, 29, 15, -34, -41, -40, 30, -10, 1, -59, -58, 42, 57, 39, -60, 26, 4, 28, 40, 3, -15, 10,
.word 37, 13, -2, -54, -41, 26, 59, 52, 10, 37, 6, 33, 63, 1, 17, 60, 32, 28, 18, 31, 51, 29, 60, 37, 33, 21, 11, 22, 27, -25, 35, 34
.word 30, -38, 17, -43, 0, -50, 27, -2, 33, -35, 14, 54, 17, -22, -36, 56, 55, -51, 36, -12, 40, 32, 21, 63, 58, -34, -28, 50, -40, -34, 0, 15,
.word 57, 63, 34, 2, 9, 13, -5, -20, 46, 8, 15, 57, 2, 3, 54, 58, 22, -12, 5, 2, 49, 45, 27, 54, 56, 20, 57, -62, 41, 63, 21, 14
.word 51, 35, 41, 8, 52, 16, 55, -24, 6, 55, 58, 59, 56, 2, -52, 56, 43, -32, 0, -46, 30, 3, 5, 5, 8, 11, 51, 38, 1, 56, -57, -28,
.word 11, 56, 37, 63, 37, 25, 29, 54, 27, 41, 7, -57, 56, 61, 33, -22, 23, -55, 53, 0, 56, 5, 55, 60, 60, 33, 52, 12, 12, 31, 35, 26
.word 4, 55, 8, 20, 16, 23, 20, -26, -56, -20, -23, 25, -41, 17, -46, 7, 62, 44, 53, 7, 26, 13, 49, 63, 35, 22, 51, 30, 40, 42, 27, 8,
.word 48, 32, 54, -43, -6, 63, 31, 33, 18, 61, 38, 35, 11, 36, 62, 0, -34, -20, 7, 40, -55, 5, 39, 25, 29, 63, 50, 18, 47, 36, -35, 28
.word -4, 29, 47, 25, 46, 61, 4, 14, 45, -36, 48, -29, 45, -14, 37, 22, 27, 53, 57, 49, 44, -60, 4, 17, 25, 18, 44, 41, 49, 41, 34, 0,
.word 51, -7, -3, 20, -38, 31, -27, -29, 37, 62, 30, 42, -31, 38, 19, 62, 27, 51, 62, -13, -23, 15, -28, 39, 27, 19, 13, -9, 17, 45, 21, -43
.word 48, 14, 37, 19, 7, 48, 15, 37, -61, 36, 53, 54, 29, 44, 14, 35, 54, 45, -13, 24, -34, 56, 32, 28, -21, 39, 46, -18, 0, 63, 21, 12,
.word 20, 39, 57, -55, 8, -13, 13, 5, -42, -45, 9, 36, 61, 23, 6, 30, 29, 60, 5, 50, -35, -53, 41, 18, -38, 44, -63, 56, 52, 16, 50, 20
.word 52, 38, -4, 6, 24, 23, 53, 21, 42, 10, 18, 38, 17, 0, -37, 19, 37, 18, -17, 17, 19, -44, 19, 35, 3, 38, 47, -27, 3, -3, 47, 1,
.word 15, 63, -43, 11, 57, -6, 56, 9, -22, 16, 61, -5, 6, 41, 31, 11, 62, 16, 26, -40, 18, 32, 24, 6, 26, 52, 2, -23, -2, 62, 43, 17
.word 19, 18, 60, 2, 41, 24, 12, 47, 53, 61, 29, 63, 21, -1, 7, 41, -51, 9, 54, 61, 45, 32, -52, 32, 51, -32, -51, -48, 30, 9, 4, 0,
.word 46, 39, -20, 4, 58, 60, -53, -24, 58, 57, 25, 54, 26, 28, 49, -22, 38, 5, 33, -61, 46, 11, 21, -12, 28, 61, 46, -44, 50, -39, 38, -4
.word 58, 7, -18, 55, 61, 36, -38, 35, -53, 56, -20, 44, 45, 42, 16, 32, 55, 37, 44, 11, 31, 60, 32, 8, 0, -57, 36, 26, 56, -37, 51, 18,
.word 45, 53, -20, -2, 47, 57, 30, 37, 1, 50, 3, 56, 18, 3, 35, -48, 12, 41, 37, 21, 42, 36, 16, 39, 39, 55, 39, 37, -13, -62, 61, 0
.word 20, 43, -20, 15, 14, 8, 61, -48, 9, -15, -23, -41, -29, 20, -23, 36, 61, 37, -15, 16, -40, 60, -8, 9, -20, 2, 13, 15, 19, 4, 55, -22,
.word 56, -5, 48, -38, 46, 61, 15, 8, 31, -14, 53, 22, 0, 51, 3, -43, -5, 4, 6, 13, 12, 43, 16, 62, -61, 27, 41, 60, 12, 32, 57, 11
.word 60, 51, -57, 55, 10, 33, -22, -10, 44, 7, 23, 63, -50, 50, 43, 41, -13, 42, 28, 13, 4, 1, 14, 47, 48, 17, -57, 42, 48, -23, -27, -3,
.word 29, 47, -15, 32, 43, 46, 44, -52, 19, -36, 22, 56, 43, 34, 15, -47, 19, 38, 27, 54, -39, 63, -2, 47, 57, 34, 34, 22, -41, -20, 30, 37
.word 33, -20, 17, -2, 47, 11, 54, 6, -14, -63, 2, 61, 13, -36, 20, 30, 20, 50, 61, -29, -55, 29, 34, -28, 12, 32, 48, 58, 47, -42, -39, 58,
.word -58, 32, 33, -35, -37, 5, 36, -56, -61, 62, -54, 44, 22, 42, -30, -56, -16, 16, 21, 10, -52, -2, 50, 8, 18, 29, 63, 47, 31, 19, 61, 22
.word 36, 63, 25, 52, 26, -37, 48, 59, 52, 11, 34, 8, 19, -63, 39, 30, 59, 4, -39, 34, -46, 13, 53, 33, -34, -28, 39, 6, 0, 11, 27, 50,
.word 6, 44, 47, 47, 22, -60, 6, -53, 10, 44, 55, 43, 57, -31, 31, 43, 8, -20, 38, -22, 0, 8, 48, 46, 16, 43, 14, 62, 13, -27, 47, 18
.word 30, -47, 42, 1, 24, -49, 7, 2, 58, -30, 3, -15, 58, 61, 50, -33, -54, -21, 22, 10, 31, 54, -27, 62, 37, -30, 58, -57, 24, 30, 5, 27,
.word -15, 27, 6, 19, 33, -12, 1, 18, -40, 15, -29, 22, -62, 0, 51, 63, 11, 40, 0, 55, 5, 30, -14, 45, -32, 24, 4, 52, -35, 6, 16, 26
.word 31, -45, -62, -2, -39, 11, -17, 44, 53, 47, 52, 60, 24, -46, -7, 3, -11, 6, -20, -13, -41, 50, 17, 43, 35, 63, 62, 47, 61, -62, 38, 43,
.word 50, 58, -58, 3, 32, 29, -19, 55, 35, 14, 50, -56, 27, 52, 57, 50, -17, 50, 52, 46, 42, 6, 19, 53, 53, 25, 1, -23, -8, 29, 43, -45
.word 59, -7, 21, 5, 0, -61, 9, 11, -54, 38, 53, 19, -9, 63, -63, 49, 12, 42, 46, 32, 59, -3, 16, 3, 50, 61, -38, -37, 0, 37, 17, 58,
.word -15, 62, 20, 45, -61, 19, 62, -20, 63, 23, 34, 22, 34, 34, -17, 17, 0, -31, -46, 35, 60, 57, 13, 42, 30, -51, 62, -35, 4, 20, 33, 54
.word 52, 54, 33, 14, 16, 23, 20, 43, 3, 51, 39, 34, 27, 0, 27, 30, -12, 50, 45, 11, 8, 28, 36, 16, 37, -41, 26, 55, 1, -50, -46, 43,
.word 36, 41, -31, 15, 23, -4, -50, 35, -24, 35, 23, -39, 18, -52, -41, 59, -62, 31, 25, -4, 26, -44, -29, 36, 28, -39, 34, -12, 40, 52, -33, 31
.word 20, 60, -45, 30, 9, 19, 26, 28, -63, 43, 19, 21, 56, 13, 57, 56, -43, -59, 53, 31, 36, 37, 42, 53, -6, 10, 24, -20, 41, 42, 15, 48,
.word -23, -19, 5, 10, -37, -40, 50, -57, -62, 17, 35, -38, -7, 47, 51, 17, -11, 22, -22, -58, 16, 12, 0, 58, 9, 20, 49, -57, -11, 15, -8, 8
